meta_colors <- list(
  # METRO
  "donor" = c(
    # rep(c(brewer.pal(9, "Set1"), brewer.pal(8, "Set2")), 3)[1:36]
    "METRO0333" = "#E41A1C",
    "METRO0343" = "#377EB8",
    "METRO0344" = "#4DAF4A",
    "METRO5266" = "#984EA3",
    "METRO5574" = "#FF7F00",
    "METRO5601" = "#A6D854",
    "METRO5622" = "#A65628",
    "METRO5639" = "#F781BF"
  ),
  "tissue" = c(
    "Kidney" = "#66C2A5",
    "Skin"   = "#FC8D62"
  ),
  "lda_celseq" = c(
    "B cell 1"      = "#E41A1C",
    "B cell 2"      = "#FF7F00",
    "Memory B cell" = "#E41A1C",
    "Plasma cell"   = "#FF7F00",
    "T cell"        = "#377EB8",
    "Epithelial"    = "#4DAF4A",
    "Fibroblast"    = "#984EA3",
    "Monocyte"      = "#F781BF",
    "Other"         = "#999999"
  ),
  # CEL-Seq2 
  "type" = c( 
    "B cell" = "#E31A1C", # "#807DBA",
    "T cell" = "#A65628", # "#807DBA", # 33A02C,
    "Fibroblast" = "#08519C", # "#807DBA",
    "Monocyte" = "#DE77AE", # "#807DBA",
    "B cell" = "#E31A1C", # "#807DBA",
    "T cell" = "#A65628", # "#807DBA", # 33A02C,
    "Fibro" = "#08519C", # "#807DBA",
    "Mono" = "#DE77AE" # "#807DBA"
    # "B cell" = "#EF3B2C",
    # "T cell" = "#33A02C",
    # "Fibroblast" = "#2171B5",
    # "Monocyte" = "#FD8D3C"
    # "B cell"     = "#E41A1C",
    # "T cell"     = "#377EB8",
    # "Fibroblast" = "#984EA3",
    # "Monocyte"   = "#F781BF",
    # #"Leukocyte"  = "#FF7F00",
    # #"Epithelial" = "#4DAF4A",
    # "Empty"      = "#999999"
  ),
  "hdbscan" = c(
    "B cell 1"      = "#E41A1C",
    "B cell 2"      = "#FF7F00",
    "Memory B cell" = "#E41A1C",
    "Plasma cell"   = "#FF7F00",
    "T cell"        = "#377EB8",
    "Epithelial"    = "#4DAF4A",
    "Fibroblast"    = "#984EA3",
    "Monocyte"      = "#F781BF",
    "Other"         = "#999999"
  ),
  "densvm" = c(
    "Epithelial"   = "#F2F2F2",
    "Fibroblast 1" = "#E41A1C",
    "Fibroblast 2" = "#377EB8",
    "Fibroblast 3" = "#4DAF4A",
    "B cell 1"     = "#984EA3",
    "B cell 2"     = "#FF7F00",
    "B cell 3"     = "#FFFF33",
    "Monocyte 1"   = "#A65628",
    "Monocyte 2"   = "#F781BF",
    "T cell 1"     = "#66C2A5",
    "T cell 2"     = "#FC8D62",
    "T cell 3"     = "#8DA0CB",
    "T cell 4"     = "#A6D854",
    "T cell 5"     = "#FFD92F"
  ),
  "sample" = c(
    # rep(c(brewer.pal(9, "Set1"), brewer.pal(8, "Set2"), brewer.pal(8, "Set3")), 3)[1:42]
    "none"     = "#FFFFFF",
    # SLE
    "200-0109" = "#E41A1C",
    "200-0871" = "#377EB8",
    "200-0613" = "#4DAF4A",
    "200-0611" = "#984EA3",
    "200-0872" = "#FF7F00",
    "200-0614" = "#FFFF33",
    "200-0615" = "#A65628",
    "200-0115" = "#F781BF",
    "200-0361" = "#999999",
    "200-0616" = "#66C2A5",
    "200-0617" = "#FC8D62",
    "200-0362" = "#8DA0CB",
    "200-0961" = "#E78AC3",
    "200-0612" = "#A6D854",
    "200-0610" = "#FFD92F",
    "200-0107" = "#E5C494",
    "200-0391" = "#B3B3B3",
    "200-0105" = "#E41A1C",
    "200-0841" = "#377EB8",
    "200-0874" = "#4DAF4A",
    "200-0108" = "#984EA3",
    "200-0124" = "#FF7F00",
    "200-1216" = "#FFFF33",
    "200-1217" = "#A65628",
    "200-0873" = "#F781BF",
    "200-0875" = "#999999",
    "Double200-0109&200-0611" = "#66C2A5",
    # RA
    # for (i in seq_along(x)) { cat(sprintf('"%s" = "%s",\n', y[i], x[i])) }
      "300-0122" = "#E41A1C",
      "300-0153" = "#377EB8",
      "300-0211" = "#4DAF4A",
      "300-0213" = "#984EA3",
      "300-0481" = "#FF7F00",
      "300-0482" = "#FFFF33",
      "300-0483" = "#A65628",
      "300-0485" = "#F781BF",
      "300-0486" = "#999999",
      "300-0487" = "#66C2A5",
      "300-0511" = "#FC8D62",
      "300-0528" = "#8DA0CB",
      "300-0546" = "#E78AC3",
      "300-2590" = "#A6D854",
      "301-0121" = "#FFD92F",
      "301-0122" = "#E5C494",
      "301-0132" = "#B3B3B3",
      "301-0151" = "#8DD3C7",
      "301-0153" = "#FFFFB3",
      "301-0155" = "#BEBADA",
      "301-0159" = "#FB8072",
      "301-0161" = "#80B1D3",
      "301-0163" = "#FDB462",
      "301-0244" = "#B3DE69",
      "301-0250" = "#FCCDE5"
        # "300-0122" = "#FFFFFF",
        # "300-0153" = "#FF7F00",
        # "300-0211" = "#FFFFFF",
        # "300-0213" = "#FFFFFF",
        # "300-0481" = "#FFFFFF",
        # "300-0482" = "#FFFFFF",
        # "300-0483" = "#FFFFFF",
        # "300-0485" = "#FFFFFF",
        # "300-0486" = "#FFFFFF",
        # "300-0487" = "#FFFFFF",
        # "300-0511" = "#FFFFFF",
        # "300-0528" = "#FFFFFF",
        # "300-0546" = "#FFFFFF",
        # "300-2590" = "#FFFFFF",
        # "301-0121" = "#FFFFFF",
        # "301-0122" = "#FFFFFF",
        # "301-0132" = "#FFFFFF",
        # "301-0151" = "#FFFFFF",
        # "301-0153" = "#FFFFFF",
        # "301-0155" = "#FFFFFF",
        # "301-0159" = "#FFFFFF",
        # "301-0161" = "#FFFFFF",
        # "301-0163" = "#FFFFFF",
        # "301-0244" = "#FFFFFF",
        # "301-0250" = "#FFFFFF"
  ),
  "plate" = c(
      "S006" = "#E41A1C",
      "S008" = "#377EB8",
      "S010" = "#4DAF4A",
      "S011" = "#984EA3",
      "S012" = "#FF7F00",
      "S013" = "#FFFF33",
      "S014" = "#A65628",
      "S015" = "#F781BF",
      "S016" = "#999999",
      "S018" = "#66C2A5",
      "S019" = "#FC8D62",
      "S020" = "#8DA0CB",
      "S022" = "#E78AC3",
      "S023" = "#A6D854",
      "S025" = "#FFD92F",
      "S026" = "#E5C494",
      "S027" = "#B3B3B3",
      "S028" = "#8DD3C7",
      "S029" = "#FFFFB3",
      "S030" = "#BEBADA",
      "S031" = "#FB8072",
      "S032" = "#80B1D3",
      "S033" = "#FDB462",
      "S034" = "#B3DE69",
      "S035" = "#FCCDE5",
      "S036" = "#1B9E77",
      "S037" = "#D95F02" 
  ),
  "Case.Control" = c(
    "OA"  = "#6A3D9A",
    "non-inflamed RA"  = "#FFD8B2",
    "inflamed RA" = "#FF7F00" 
  ),
  "disease" = c(
    "OA arthro"  = "#6A3D9A",
    "RA arthro"  = "#FFD8B2",
    "RA biopsy" = "#FF7F00" 
  ),
  "Subject.type" = c(
    "OA"  = "#6A3D9A",
    "RA" = "#FF7F00" 
  ),
  "disease_assay" = c(
    "OA_arthro" = "#6A3D9A",
    "RA_arthro" = "#FFD8B2",
    "RA_biopsy" = "#FF7F00"  
  ),
  "tissue_type" = c(
    "OA-arthro"  = "#6A3D9A",
    "RA-arthro"  = "#FFD8B2",
    "RA-biopsy"  = "#FF7F00" 
    # "OA-arthro"  = "#FFD8B2",
    # "RA-arthro"  = "#D9D9D9",
    # "RA-biopsy"  = "#737373"
  ),
  "fbsubset" = c(
    "CD34p"      = "#33A02C",
    "CD34nTHY1p" = "#E31A1C",
    "CD34nTHY1n" = "#1F78B4"
  ),
  "cutree" = c(
    "1" = "#E41A1C",
    "2" = "#377EB8",
    "3" = "#4DAF4A",
    "4" = "#984EA3",
    "5" = "#FF7F00",
    "6" = "#FFFF33",
    "7" = "#A65628",
    "8" = "#F781BF",
    "9" = "#999999"
  ),
  # "clusters" = c(
  #   # "lining" = "#7FC97F",
  #   # "sublinig" = "#BEAED4",
  #   # "CD4" = "#FDC086",
  #   # "CD8" = "#FFFF99",
  #   # "actiBcell" = "#666666",
  #   # "plasma" = "#F0027F",
  #   # "Mono" = "#BF5B17"
  #   "Lining" = "#BEAED4",
  #   "APOE" = "#FFFF99",
  #   "FGFBP" = "#FDC086",
  #     "1" = "#8DD3C7",
  #      "2" = "#FFFFB3",
  #      "3" = "#BEBADA",
  #      "4" = "#FB8072",
  #      "5" = "#80B1D3",
  #      "6" = "red",
  #      "7" = "#FDB462",
  #      "8" ="#FCCDE5",
  #      "9" = "#CCEBC5",
  #      "10" = "#FC8D62"
  # ),
  "cluster" = c(
      "1" = "#8DD3C7",
      "2" = "#FB8072",
      "3" = "#BEBADA",
      "4" = "#FFFFB3",
      "5" = "#FDB462",
      "6" = "#80B1D3",
      "7" = "#A65628",
      "8" ="#FCCDE5",
      "9" = "#CCEBC5",
      "10" = "#FC8D62",
      "11" = "#E41A1C",
      "12" = "#377EB8",
      "13" = "#4DAF4A",
      "14" = "#984EA3"
      # "15" = "#FF7F00"
    ),
  # "cluster" = c(
  #   "0" = "#E41A1C",
  #   "1" = "#377EB8",
  #   "2" = "#4DAF4A",
  #   "3" = "#EF3B2C",
  #   "4" = "#FF7F00",
  #   "5" = "#FFFF33",
  #   "6" = "#A65628",
  #   "7" = "#F781BF",
  #   "8" = "#999999",
  #   "9" = "#66C2A5",
  #   "10" = "#984EA3",
  #   "11" = "#8DA0CB",
  #   "12" = "#FFD92F",
  #   "13" = "#A6D854",
  #   "14" = "#E78AC3",
  #   "15" = "#FC8D62",
  #   "16" = "#B3B3B3",
  #   "17" = "#E41A1C",
  #   "18" = "#377EB8",
  #   "19" = "#984EA3"
  # ),